January:  3045192
February:  3807090.6999999993
March:  4377674.659999998
April:  4230253.789999999
May:  1079062.4200000006
June:  250360.23000000068
July:  -18513.519999999306

Number of corrupt lines:50